2.066669999999999874e+01 5.066699999999999982e+00 2.066669999999999874e+01 5.066699999999999982e+00 2.066669999999999874e+01 5.066699999999999982e+00 2.066669999999999874e+01 3.666631080251063768e+00 2.066669999999999874e+01 5.066699999999999982e+00 2.066669999999999874e+01 3.666631080251063768e+00 2.066669999999999874e+01 3.666631080251063768e+00 2.066669999999999874e+01 3.666631080251063768e+00 2.066669999999999874e+01 3.666631080251063768e+00 2.066669999999999874e+01 5.066699999999999982e+00 2.066669999999999874e+01 5.066699999999999982e+00 2.066669999999999874e+01 5.066699999999999982e+00 2.066669999999999874e+01 5.066699999999999982e+00 2.066669999999999874e+01
5.066699999999999982e+00 2.066669999999999874e+01 5.066699999999999982e+00 2.066669999999999874e+01 5.066699999999999982e+00 2.066669999999999874e+01 5.066699999999999982e+00 2.066669999999999874e+01 5.066699999999999982e+00 2.066669999999999874e+01 5.066699999999999982e+00 2.066669999999999874e+01 5.066699999999999982e+00 2.066669999999999874e+01 5.066699999999999982e+00 2.066669999999999874e+01 5.066699999999999982e+00 2.066669999999999874e+01 5.066699999999999982e+00 2.066669999999999874e+01 3.666631080251063768e+00 2.066669999999999874e+01 5.066699999999999982e+00 2.066669999999999874e+01 5.066699999999999982e+00 2.066669999999999874e+01 5.066699999999999982e+00
2.066669999999999874e+01 5.066699999999999982e+00 2.066669999999999874e+01 5.066699999999999982e+00 2.066669999999999874e+01 5.066699999999999982e+00 2.066669999999999874e+01 5.066699999999999982e+00 2.066669999999999874e+01 3.666631080251063768e+00 2.066669999999999874e+01 3.666631080251063768e+00 2.066669999999999874e+01 3.666631080251063768e+00 2.066669999999999874e+01 3.666631080251063768e+00 2.066669999999999874e+01 5.066699999999999982e+00 2.066669999999999874e+01 3.666631080251063768e+00 2.066669999999999874e+01 5.066699999999999982e+00 2.066669999999999874e+01 5.066699999999999982e+00 2.066669999999999874e+01 5.066699999999999982e+00 2.066669999999999874e+01
5.066699999999999982e+00 2.066669999999999874e+01 5.066699999999999982e+00 2.066669999999999874e+01 5.066699999999999982e+00 2.066669999999999874e+01 5.066699999999999982e+00 2.066669999999999874e+01 3.666631080251063768e+00 2.066669999999999874e+01 5.066699999999999982e+00 2.066669999999999874e+01 5.066699999999999982e+00 2.066669999999999874e+01 3.666631080251063768e+00 2.066669999999999874e+01 3.666631080251063768e+00 2.066669999999999874e+01 3.666631080251063768e+00 2.066669999999999874e+01 5.066699999999999982e+00 2.066669999999999874e+01 3.666631080251063768e+00 2.066669999999999874e+01 5.066699999999999982e+00 2.066669999999999874e+01 5.066699999999999982e+00
2.066669999999999874e+01 5.066699999999999982e+00 2.066669999999999874e+01 5.066699999999999982e+00 2.066669999999999874e+01 5.066699999999999982e+00 2.066669999999999874e+01 3.666631080251063768e+00 2.066669999999999874e+01 5.066699999999999982e+00 2.066669999999999874e+01 3.666631080251063768e+00 2.066669999999999874e+01 3.666631080251063768e+00 2.066669999999999874e+01 3.666631080251063768e+00 2.066669999999999874e+01 5.066699999999999982e+00 2.066669999999999874e+01 3.666631080251063768e+00 2.066669999999999874e+01 3.666631080251063768e+00 2.066669999999999874e+01 5.066699999999999982e+00 2.066669999999999874e+01 5.066699999999999982e+00 2.066669999999999874e+01
5.066699999999999982e+00 2.066669999999999874e+01 5.066699999999999982e+00 2.066669999999999874e+01 5.066699999999999982e+00 2.066669999999999874e+01 5.066699999999999982e+00 2.066669999999999874e+01 5.066699999999999982e+00 2.066669999999999874e+01 3.666631080251063768e+00 2.066669999999999874e+01 5.066699999999999982e+00 2.066669999999999874e+01 3.666631080251063768e+00 2.066669999999999874e+01 3.666631080251063768e+00 5.921209999999999951e+01 6.297633688226951243e+00 5.921209999999999951e+01 3.666631080251063768e+00 2.066669999999999874e+01 5.066699999999999982e+00 2.066669999999999874e+01 5.066699999999999982e+00 2.066669999999999874e+01 5.066699999999999982e+00
2.066669999999999874e+01 5.066699999999999982e+00 2.066669999999999874e+01 5.066699999999999982e+00 2.066669999999999874e+01 5.066699999999999982e+00 2.066669999999999874e+01 5.066699999999999982e+00 2.066669999999999874e+01 3.666631080251063768e+00 2.066669999999999874e+01 6.297633688226951243e+00 5.921209999999999951e+01 6.297633688226951243e+00 5.921209999999999951e+01 6.297633688226951243e+00 5.921209999999999951e+01 6.297633688226951243e+00 5.921209999999999951e+01 3.666631080251063768e+00 2.066669999999999874e+01 5.066699999999999982e+00 2.066669999999999874e+01 5.066699999999999982e+00 2.066669999999999874e+01 5.066699999999999982e+00 2.066669999999999874e+01
5.066699999999999982e+00 2.066669999999999874e+01 5.066699999999999982e+00 2.066669999999999874e+01 5.066699999999999982e+00 2.066669999999999874e+01 5.066699999999999982e+00 2.066669999999999874e+01 3.666631080251063768e+00 2.066669999999999874e+01 6.297633688226951243e+00 5.921209999999999951e+01 6.297633688226951243e+00 5.921209999999999951e+01 6.297633688226951243e+00 5.921209999999999951e+01 3.666631080251063768e+00 2.066669999999999874e+01 3.666631080251063768e+00 2.066669999999999874e+01 5.066699999999999982e+00 2.066669999999999874e+01 3.666631080251063768e+00 2.066669999999999874e+01 5.066699999999999982e+00 2.066669999999999874e+01 5.066699999999999982e+00
2.066669999999999874e+01 5.066699999999999982e+00 2.066669999999999874e+01 5.066699999999999982e+00 2.066669999999999874e+01 5.066699999999999982e+00 2.066669999999999874e+01 5.066699999999999982e+00 2.066669999999999874e+01 6.297633688226951243e+00 5.921209999999999951e+01 6.297633688226951243e+00 2.066669999999999874e+01 3.666631080251063768e+00 2.066669999999999874e+01 3.666631080251063768e+00 2.066669999999999874e+01 3.666631080251063768e+00 2.066669999999999874e+01 5.066699999999999982e+00 2.066669999999999874e+01 5.066699999999999982e+00 2.066669999999999874e+01 5.066699999999999982e+00 2.066669999999999874e+01 5.066699999999999982e+00 2.066669999999999874e+01
5.066699999999999982e+00 2.066669999999999874e+01 5.066699999999999982e+00 2.066669999999999874e+01 5.066699999999999982e+00 2.066669999999999874e+01 5.066699999999999982e+00 2.066669999999999874e+01 3.666631080251063768e+00 5.921209999999999951e+01 6.297633688226951243e+00 2.066669999999999874e+01 3.666631080251063768e+00 2.066669999999999874e+01 5.066699999999999982e+00 2.066669999999999874e+01 5.066699999999999982e+00 2.066669999999999874e+01 3.666631080251063768e+00 2.066669999999999874e+01 3.666631080251063768e+00 2.066669999999999874e+01 5.066699999999999982e+00 2.066669999999999874e+01 5.066699999999999982e+00 2.066669999999999874e+01 5.066699999999999982e+00
2.066669999999999874e+01 5.066699999999999982e+00 2.066669999999999874e+01 5.066699999999999982e+00 2.066669999999999874e+01 5.066699999999999982e+00 2.066669999999999874e+01 5.066699999999999982e+00 2.066669999999999874e+01 6.297633688226951243e+00 5.921209999999999951e+01 5.066699999999999982e+00 2.066669999999999874e+01 5.066699999999999982e+00 2.066669999999999874e+01 5.066699999999999982e+00 2.066669999999999874e+01 3.666631080251063768e+00 2.066669999999999874e+01 5.066699999999999982e+00 2.066669999999999874e+01 3.666631080251063768e+00 2.066669999999999874e+01 5.066699999999999982e+00 2.066669999999999874e+01 5.066699999999999982e+00 2.066669999999999874e+01
5.066699999999999982e+00 2.066669999999999874e+01 5.066699999999999982e+00 2.066669999999999874e+01 5.066699999999999982e+00 2.066669999999999874e+01 5.066699999999999982e+00 2.066669999999999874e+01 3.666631080251063768e+00 5.921209999999999951e+01 3.666631080251063768e+00 2.066669999999999874e+01 3.666631080251063768e+00 2.066669999999999874e+01 3.666631080251063768e+00 2.066669999999999874e+01 3.666631080251063768e+00 2.066669999999999874e+01 3.666631080251063768e+00 2.066669999999999874e+01 3.666631080251063768e+00 2.066669999999999874e+01 3.666631080251063768e+00 2.066669999999999874e+01 5.066699999999999982e+00 2.066669999999999874e+01 5.066699999999999982e+00
2.066669999999999874e+01 5.066699999999999982e+00 2.066669999999999874e+01 5.066699999999999982e+00 2.066669999999999874e+01 5.066699999999999982e+00 2.066669999999999874e+01 3.666631080251063768e+00 2.066669999999999874e+01 6.297633688226951243e+00 5.921209999999999951e+01 6.297633688226951243e+00 5.921209999999999951e+01 6.297633688226951243e+00 5.921209999999999951e+01 6.297633688226951243e+00 5.921209999999999951e+01 3.666631080251063768e+00 2.066669999999999874e+01 5.066699999999999982e+00 2.066669999999999874e+01 3.666631080251063768e+00 2.066669999999999874e+01 5.066699999999999982e+00 2.066669999999999874e+01 5.066699999999999982e+00 2.066669999999999874e+01
5.066699999999999982e+00 2.066669999999999874e+01 5.066699999999999982e+00 2.066669999999999874e+01 5.066699999999999982e+00 2.066669999999999874e+01 5.066699999999999982e+00 2.066669999999999874e+01 3.666631080251063768e+00 5.921209999999999951e+01 6.297633688226951243e+00 5.921209999999999951e+01 6.297633688226951243e+00 5.921209999999999951e+01 6.297633688226951243e+00 5.921209999999999951e+01 6.297633688226951243e+00 5.921209999999999951e+01 5.066699999999999982e+00 2.066669999999999874e+01 5.066699999999999982e+00 2.066669999999999874e+01 3.666631080251063768e+00 2.066669999999999874e+01 5.066699999999999982e+00 2.066669999999999874e+01 5.066699999999999982e+00
2.066669999999999874e+01 5.066699999999999982e+00 2.066669999999999874e+01 5.066699999999999982e+00 2.066669999999999874e+01 5.066699999999999982e+00 2.066669999999999874e+01 5.066699999999999982e+00 2.066669999999999874e+01 3.666631080251063768e+00 5.921209999999999951e+01 3.666631080251063768e+00 2.066669999999999874e+01 3.666631080251063768e+00 2.066669999999999874e+01 3.666631080251063768e+00 2.066669999999999874e+01 6.297633688226951243e+00 2.066669999999999874e+01 5.066699999999999982e+00 2.066669999999999874e+01 3.666631080251063768e+00 2.066669999999999874e+01 5.066699999999999982e+00 2.066669999999999874e+01 5.066699999999999982e+00 2.066669999999999874e+01
5.066699999999999982e+00 2.066669999999999874e+01 5.066699999999999982e+00 2.066669999999999874e+01 5.066699999999999982e+00 2.066669999999999874e+01 5.066699999999999982e+00 2.066669999999999874e+01 3.666631080251063768e+00 2.066669999999999874e+01 3.666631080251063768e+00 2.066669999999999874e+01 3.666631080251063768e+00 2.066669999999999874e+01 5.066699999999999982e+00 2.066669999999999874e+01 3.666631080251063768e+00 2.066669999999999874e+01 6.297633688226951243e+00 2.066669999999999874e+01 5.066699999999999982e+00 2.066669999999999874e+01 3.666631080251063768e+00 2.066669999999999874e+01 5.066699999999999982e+00 2.066669999999999874e+01 5.066699999999999982e+00
2.066669999999999874e+01 5.066699999999999982e+00 2.066669999999999874e+01 5.066699999999999982e+00 2.066669999999999874e+01 5.066699999999999982e+00 2.066669999999999874e+01 5.066699999999999982e+00 2.066669999999999874e+01 3.666631080251063768e+00 2.066669999999999874e+01 3.666631080251063768e+00 2.066669999999999874e+01 5.066699999999999982e+00 2.066669999999999874e+01 5.066699999999999982e+00 2.066669999999999874e+01 3.666631080251063768e+00 5.921209999999999951e+01 6.297633688226951243e+00 2.066669999999999874e+01 3.666631080251063768e+00 2.066669999999999874e+01 5.066699999999999982e+00 2.066669999999999874e+01 5.066699999999999982e+00 2.066669999999999874e+01
5.066699999999999982e+00 2.066669999999999874e+01 5.066699999999999982e+00 2.066669999999999874e+01 5.066699999999999982e+00 2.066669999999999874e+01 5.066699999999999982e+00 2.066669999999999874e+01 3.666631080251063768e+00 2.066669999999999874e+01 3.666631080251063768e+00 2.066669999999999874e+01 5.066699999999999982e+00 2.066669999999999874e+01 3.666631080251063768e+00 2.066669999999999874e+01 3.666631080251063768e+00 2.066669999999999874e+01 6.297633688226951243e+00 5.921209999999999951e+01 3.666631080251063768e+00 2.066669999999999874e+01 5.066699999999999982e+00 2.066669999999999874e+01 5.066699999999999982e+00 2.066669999999999874e+01 5.066699999999999982e+00
2.066669999999999874e+01 5.066699999999999982e+00 2.066669999999999874e+01 5.066699999999999982e+00 2.066669999999999874e+01 5.066699999999999982e+00 2.066669999999999874e+01 5.066699999999999982e+00 2.066669999999999874e+01 5.066699999999999982e+00 2.066669999999999874e+01 3.666631080251063768e+00 2.066669999999999874e+01 5.066699999999999982e+00 2.066669999999999874e+01 3.666631080251063768e+00 2.066669999999999874e+01 3.666631080251063768e+00 5.921209999999999951e+01 6.297633688226951243e+00 2.066669999999999874e+01 3.666631080251063768e+00 2.066669999999999874e+01 5.066699999999999982e+00 2.066669999999999874e+01 5.066699999999999982e+00 2.066669999999999874e+01
5.066699999999999982e+00 2.066669999999999874e+01 5.066699999999999982e+00 2.066669999999999874e+01 5.066699999999999982e+00 2.066669999999999874e+01 5.066699999999999982e+00 2.066669999999999874e+01 5.066699999999999982e+00 2.066669999999999874e+01 3.666631080251063768e+00 2.066669999999999874e+01 3.666631080251063768e+00 2.066669999999999874e+01 3.666631080251063768e+00 2.066669999999999874e+01 3.666631080251063768e+00 2.066669999999999874e+01 6.297633688226951243e+00 2.066669999999999874e+01 3.666631080251063768e+00 2.066669999999999874e+01 5.066699999999999982e+00 2.066669999999999874e+01 5.066699999999999982e+00 2.066669999999999874e+01 5.066699999999999982e+00
2.066669999999999874e+01 5.066699999999999982e+00 2.066669999999999874e+01 5.066699999999999982e+00 2.066669999999999874e+01 5.066699999999999982e+00 2.066669999999999874e+01 5.066699999999999982e+00 2.066669999999999874e+01 3.666631080251063768e+00 5.921209999999999951e+01 3.666631080251063768e+00 2.066669999999999874e+01 3.666631080251063768e+00 2.066669999999999874e+01 5.066699999999999982e+00 2.066669999999999874e+01 6.297633688226951243e+00 5.921209999999999951e+01 3.666631080251063768e+00 2.066669999999999874e+01 3.666631080251063768e+00 2.066669999999999874e+01 5.066699999999999982e+00 2.066669999999999874e+01 5.066699999999999982e+00 2.066669999999999874e+01
5.066699999999999982e+00 2.066669999999999874e+01 5.066699999999999982e+00 2.066669999999999874e+01 5.066699999999999982e+00 2.066669999999999874e+01 5.066699999999999982e+00 2.066669999999999874e+01 3.666631080251063768e+00 5.921209999999999951e+01 6.297633688226951243e+00 5.921209999999999951e+01 5.066699999999999982e+00 2.066669999999999874e+01 3.666631080251063768e+00 2.066669999999999874e+01 3.666631080251063768e+00 5.921209999999999951e+01 6.297633688226951243e+00 2.066669999999999874e+01 5.066699999999999982e+00 2.066669999999999874e+01 5.066699999999999982e+00 2.066669999999999874e+01 5.066699999999999982e+00 2.066669999999999874e+01 5.066699999999999982e+00
2.066669999999999874e+01 5.066699999999999982e+00 2.066669999999999874e+01 5.066699999999999982e+00 2.066669999999999874e+01 5.066699999999999982e+00 2.066669999999999874e+01 5.066699999999999982e+00 2.066669999999999874e+01 6.297633688226951243e+00 5.921209999999999951e+01 6.297633688226951243e+00 5.921209999999999951e+01 3.666631080251063768e+00 5.921209999999999951e+01 6.297633688226951243e+00 5.921209999999999951e+01 6.297633688226951243e+00 2.066669999999999874e+01 5.066699999999999982e+00 2.066669999999999874e+01 3.666631080251063768e+00 2.066669999999999874e+01 5.066699999999999982e+00 2.066669999999999874e+01 5.066699999999999982e+00 2.066669999999999874e+01
5.066699999999999982e+00 2.066669999999999874e+01 5.066699999999999982e+00 2.066669999999999874e+01 5.066699999999999982e+00 2.066669999999999874e+01 5.066699999999999982e+00 2.066669999999999874e+01 3.666631080251063768e+00 2.066669999999999874e+01 6.297633688226951243e+00 5.921209999999999951e+01 6.297633688226951243e+00 5.921209999999999951e+01 6.297633688226951243e+00 5.921209999999999951e+01 6.297633688226951243e+00 2.066669999999999874e+01 3.666631080251063768e+00 2.066669999999999874e+01 3.666631080251063768e+00 2.066669999999999874e+01 3.666631080251063768e+00 2.066669999999999874e+01 5.066699999999999982e+00 2.066669999999999874e+01 5.066699999999999982e+00
2.066669999999999874e+01 5.066699999999999982e+00 2.066669999999999874e+01 5.066699999999999982e+00 2.066669999999999874e+01 5.066699999999999982e+00 2.066669999999999874e+01 5.066699999999999982e+00 2.066669999999999874e+01 3.666631080251063768e+00 2.066669999999999874e+01 3.666631080251063768e+00 2.066669999999999874e+01 3.666631080251063768e+00 2.066669999999999874e+01 3.666631080251063768e+00 2.066669999999999874e+01 3.666631080251063768e+00 2.066669999999999874e+01 5.066699999999999982e+00 2.066669999999999874e+01 5.066699999999999982e+00 2.066669999999999874e+01 5.066699999999999982e+00 2.066669999999999874e+01 5.066699999999999982e+00 2.066669999999999874e+01
5.066699999999999982e+00 2.066669999999999874e+01 5.066699999999999982e+00 2.066669999999999874e+01 5.066699999999999982e+00 2.066669999999999874e+01 5.066699999999999982e+00 2.066669999999999874e+01 5.066699999999999982e+00 2.066669999999999874e+01 5.066699999999999982e+00 2.066669999999999874e+01 5.066699999999999982e+00 2.066669999999999874e+01 5.066699999999999982e+00 2.066669999999999874e+01 5.066699999999999982e+00 2.066669999999999874e+01 3.666631080251063768e+00 2.066669999999999874e+01 5.066699999999999982e+00 2.066669999999999874e+01 5.066699999999999982e+00 2.066669999999999874e+01 5.066699999999999982e+00 2.066669999999999874e+01 5.066699999999999982e+00
2.066669999999999874e+01 5.066699999999999982e+00 2.066669999999999874e+01 5.066699999999999982e+00 2.066669999999999874e+01 5.066699999999999982e+00 2.066669999999999874e+01 5.066699999999999982e+00 2.066669999999999874e+01 5.066699999999999982e+00 2.066669999999999874e+01 3.666631080251063768e+00 2.066669999999999874e+01 3.666631080251063768e+00 2.066669999999999874e+01 5.066699999999999982e+00 2.066669999999999874e+01 3.666631080251063768e+00 2.066669999999999874e+01 5.066699999999999982e+00 2.066669999999999874e+01 3.666631080251063768e+00 2.066669999999999874e+01 5.066699999999999982e+00 2.066669999999999874e+01 5.066699999999999982e+00 2.066669999999999874e+01
