1.152436550937953363e+01 1.152436550937953363e+01 1.152436550937953363e+01 1.152436550937953363e+01 1.152436550937953363e+01 1.152436550937953363e+01 1.152436550937953363e+01 1.782192444133020715e+01 1.782192444133020715e+01 1.782192444133020715e+01 1.782192444133020715e+01 1.782192444133020715e+01 1.782192444133020715e+01 1.782192444133020715e+01 1.782192444133020715e+01 1.782192444133020715e+01 1.834209446069583294e+01 1.834209446069583294e+01 1.152436550937953363e+01 1.152436550937953363e+01
1.152436550937953363e+01 1.152436550937953363e+01 1.152436550937953363e+01 1.782192444133020715e+01 1.782192444133020715e+01 2.310429594555467503e+01 3.031240818874052323e+01 3.031240818874052323e+01 3.031240818874052323e+01 3.031240818874052323e+01 3.031240818874052323e+01 3.031240818874052323e+01 3.031240818874052323e+01 3.031240818874052323e+01 3.215466599924680224e+01 3.215466599924680224e+01 3.215466599924680224e+01 3.031240818874052323e+01 2.877089183510568304e+01 2.432912682433247298e+01
1.152436550937953363e+01 1.294323070153082966e+01 1.782192444133020715e+01 2.310429594555467503e+01 3.651403608603006035e+01 3.835263093527091627e+01 4.996947402542061667e+01 4.996947402542061667e+01 4.996947402542061667e+01 4.996947402542061667e+01 4.996947402542061667e+01 4.996947402542061667e+01 5.287584435747315581e+01 4.996947402542061667e+01 4.996947402542061667e+01 4.996947402542061667e+01 5.287584435747315581e+01 4.996947402542061667e+01 4.183649060533085162e+01 2.877089183510568304e+01
1.152436550937953363e+01 1.294323070153082966e+01 2.384625247275524274e+01 3.651403608603006035e+01 4.459455834068813118e+01 6.579273109626237215e+01 7.251497835852700291e+01 8.534971565285978556e+01 7.251497835852700291e+01 7.643913233225046611e+01 7.683733451376730272e+01 7.683733451376730272e+01 6.815250974872623146e+01 7.683733451376730272e+01 7.683733451376730272e+01 8.534971565285978556e+01 8.534971565285978556e+01 6.815250974872623146e+01 6.117696569163927478e+01 4.195642579057343369e+01
1.152436550937953363e+01 1.632742824654743785e+01 2.823618022385453230e+01 4.538189699404907174e+01 6.169852440420071105e+01 7.683733451376730272e+01 9.462626593637658345e+01 9.510413716970226972e+01 9.510413716970226972e+01 8.204684463057672872e+01 8.219033613274473282e+01 7.568335791063448426e+01 7.200038496609664662e+01 7.683733451376730272e+01 8.570441209213987577e+01 8.954476492344578276e+01 9.510413716970226972e+01 9.381744512418984527e+01 6.815250974872623146e+01 5.004884429175960747e+01
1.152436550937953363e+01 1.632742824654743785e+01 2.592811271369230397e+01 4.886860980623870887e+01 5.606451569177594507e+01 7.683733451376730272e+01 8.219033613274473282e+01 8.219033613274473282e+01 7.200038496609664662e+01 6.080483014583278845e+01 6.080483014583278845e+01 6.080483014583278845e+01 4.962800359191603405e+01 6.080483014583278845e+01 7.341313360626148210e+01 8.468950835147873590e+01 9.963137420826450352e+01 1.052296209682614716e+02 7.704792432073821828e+01 5.247488263544643416e+01
1.152436550937953363e+01 1.632742824654743785e+01 2.858018299083358471e+01 3.339411102986181845e+01 4.886860980623870887e+01 4.886860980623870887e+01 5.247488263544643416e+01 4.962800359191603405e+01 4.647410828815146999e+01 3.339411102986181845e+01 2.981650957282667136e+01 2.981650957282667136e+01 2.712514928387624735e+01 4.886860980623870887e+01 5.606451569177594507e+01 8.954476492344578276e+01 1.034778512533543449e+02 9.881805600614285368e+01 7.704792432073821828e+01 4.774655760010431038e+01
1.152436550937953363e+01 1.340807950862502018e+01 1.871560873940146053e+01 2.615801754633765341e+01 2.615801754633765341e+01 2.615801754633765341e+01 2.981650957282667136e+01 2.516392640129610925e+01 2.516392640129610925e+01 2.516392640129610925e+01 1.808154243009960638e+01 2.558097130702107691e+01 2.659880928235196862e+01 4.538189699404907174e+01 6.169852440420071105e+01 8.954476492344578276e+01 9.881805600614285368e+01 8.357308973012901276e+01 6.340064082212705188e+01 3.596812887138833048e+01
1.152436550937953363e+01 1.152436550937953363e+01 1.340807950862502018e+01 1.340807950862502018e+01 1.340807950862502018e+01 1.808154243009960638e+01 1.267991650469915044e+01 1.340807950862502018e+01 1.362627371062030512e+01 1.431115410007555155e+01 1.782192444133020715e+01 2.264924315428462620e+01 3.651403608603006035e+01 5.287584435747315581e+01 7.341313360626148210e+01 8.954476492344578276e+01 8.357308973012901276e+01 6.728026728158914693e+01 4.245019496405856074e+01 3.073539212797064479e+01
1.152436550937953363e+01 1.152436550937953363e+01 1.152436550937953363e+01 1.152436550937953363e+01 1.340807950862502018e+01 1.267991650469915044e+01 1.152436550937953363e+01 1.152436550937953363e+01 1.294323070153082966e+01 1.782192444133020715e+01 2.264924315428462620e+01 3.651403608603006035e+01 5.287584435747315581e+01 7.251497835852700291e+01 8.534971565285978556e+01 8.357308973012901276e+01 6.728026728158914693e+01 4.962800359191603405e+01 3.007996652919575808e+01 1.764184540335664764e+01
1.152436550937953363e+01 1.152436550937953363e+01 1.152436550937953363e+01 1.152436550937953363e+01 1.152436550937953363e+01 1.152436550937953363e+01 1.152436550937953363e+01 1.294323070153082966e+01 1.782192444133020715e+01 2.264924315428462620e+01 3.651403608603006035e+01 5.829088487273489960e+01 7.251497835852700291e+01 9.462626593637658345e+01 8.461010262780149560e+01 7.200038496609664662e+01 4.962800359191603405e+01 3.007996652919575808e+01 2.516392640129610925e+01 1.267991650469915044e+01
1.152436550937953363e+01 1.152436550937953363e+01 1.152436550937953363e+01 1.152436550937953363e+01 1.152436550937953363e+01 1.152436550937953363e+01 1.152436550937953363e+01 1.782192444133020715e+01 2.264924315428462620e+01 3.651403608603006035e+01 5.829088487273489960e+01 7.720649321214197869e+01 9.462626593637658345e+01 9.172957323553241338e+01 7.704792432073821828e+01 4.962800359191603405e+01 3.147032526014577769e+01 2.516392640129610925e+01 1.267991650469915044e+01 1.267991650469915044e+01
1.152436550937953363e+01 1.152436550937953363e+01 1.152436550937953363e+01 1.152436550937953363e+01 1.152436550937953363e+01 1.294323070153082966e+01 1.782192444133020715e+01 2.264924315428462620e+01 3.683382250032020266e+01 5.829088487273489960e+01 7.720649321214197869e+01 9.462626593637658345e+01 9.172957323553241338e+01 8.357308973012901276e+01 5.900476519206092263e+01 3.596812887138833048e+01 2.516392640129610925e+01 1.267991650469915044e+01 1.267991650469915044e+01 1.152436550937953363e+01
1.152436550937953363e+01 1.152436550937953363e+01 1.152436550937953363e+01 1.152436550937953363e+01 1.152436550937953363e+01 1.431115410007555155e+01 2.264924315428462620e+01 3.651403608603006035e+01 5.733549633025742054e+01 7.807378129479856455e+01 9.462626593637658345e+01 9.172957323553241338e+01 8.357308973012901276e+01 6.340064082212705188e+01 4.245019496405856074e+01 2.516392640129610925e+01 1.267991650469915044e+01 1.267991650469915044e+01 1.152436550937953363e+01 1.152436550937953363e+01
1.152436550937953363e+01 1.152436550937953363e+01 1.152436550937953363e+01 1.152436550937953363e+01 1.782192444133020715e+01 2.264924315428462620e+01 3.651403608603006035e+01 5.287584435747315581e+01 7.072805886320919910e+01 8.954476492344578276e+01 9.172957323553241338e+01 7.200038496609664662e+01 5.900476519206092263e+01 3.596812887138833048e+01 2.516392640129610925e+01 1.267991650469915044e+01 1.267991650469915044e+01 1.152436550937953363e+01 1.152436550937953363e+01 1.152436550937953363e+01
1.152436550937953363e+01 1.152436550937953363e+01 1.294323070153082966e+01 1.782192444133020715e+01 2.264924315428462620e+01 3.651403608603006035e+01 5.829088487273489960e+01 7.251497835852700291e+01 8.534971565285978556e+01 8.631818380665090729e+01 7.200038496609664662e+01 4.962800359191603405e+01 3.596812887138833048e+01 2.516392640129610925e+01 1.267991650469915044e+01 1.267991650469915044e+01 1.152436550937953363e+01 1.152436550937953363e+01 1.152436550937953363e+01 1.152436550937953363e+01
1.152436550937953363e+01 1.294323070153082966e+01 2.130162228521296797e+01 2.264924315428462620e+01 3.651403608603006035e+01 5.829088487273489960e+01 7.251497835852700291e+01 9.462626593637658345e+01 8.461010262780149560e+01 7.200038496609664662e+01 5.900476519206092263e+01 3.596812887138833048e+01 2.516392640129610925e+01 1.267991650469915044e+01 1.267991650469915044e+01 1.152436550937953363e+01 1.152436550937953363e+01 1.152436550937953363e+01 1.152436550937953363e+01 1.152436550937953363e+01
1.294323070153082966e+01 2.264924315428462620e+01 2.999433539616287092e+01 4.459455834068813118e+01 6.529008828405784470e+01 8.486240461218417863e+01 9.462626593637658345e+01 9.172957323553241338e+01 7.200038496609664662e+01 5.900476519206092263e+01 3.596812887138833048e+01 2.516392640129610925e+01 1.267991650469915044e+01 1.267991650469915044e+01 1.152436550937953363e+01 1.152436550937953363e+01 1.152436550937953363e+01 1.152436550937953363e+01 1.152436550937953363e+01 1.152436550937953363e+01
2.130162228521296797e+01 2.999433539616287092e+01 4.459455834068813118e+01 6.579273109626237215e+01 8.486240461218417863e+01 9.462626593637658345e+01 8.876655437165882745e+01 7.269114266437470917e+01 5.900476519206092263e+01 3.596812887138833048e+01 2.516392640129610925e+01 1.267991650469915044e+01 1.267991650469915044e+01 1.152436550937953363e+01 1.152436550937953363e+01 1.152436550937953363e+01 1.152436550937953363e+01 1.152436550937953363e+01 1.152436550937953363e+01 1.152436550937953363e+01
2.999433539616287092e+01 4.459455834068813118e+01 7.072805886320919910e+01 8.534971565285978556e+01 9.881805600614285368e+01 8.631818380665090729e+01 7.200038496609664662e+01 4.962800359191603405e+01 2.981650957282667136e+01 2.516392640129610925e+01 1.267991650469915044e+01 1.267991650469915044e+01 1.152436550937953363e+01 1.152436550937953363e+01 1.152436550937953363e+01 1.152436550937953363e+01 1.152436550937953363e+01 1.152436550937953363e+01 1.152436550937953363e+01 1.152436550937953363e+01
